mlgId	metadata	C3.1	C3.2	AT4.1	AT4.2	OO9C.1	OO9C.2	C5.1	C5.2	C4.1	C4.2	C8.1	C8.2	O91.1	O91.2	SCAAT3.1	SCAAT3.2	YLR.1	YLR.2	C11.1	C11.2	SCY.1	SCY.2
L2226-H10	test_water_patch	121	115	291	289	446	449	161	174	250	268	143	153	253	271	385	403	126	126	198	214	386	386
L2226-H15	test_water_patch	121	115	289	289	446	449	161	174	250	268	143	153	253	271	385	403	126	126	198	214	386	386
L2226-H16	test_water_patch	121	115	291	289	446	449	161	161	250	250	143	153	253	271	385	403	126	126	198	214	386	386
L2226-H19	test_water_patch	121	115	291	289	446	449	164	174	250	268	143	153	253	271	385	403	126	126	198	214	386	386
L2226-H24	test_water_patch	121	115	291	291	446	449	161	174	250	268	143	153	253	271	385	403	126	126	198	214	386	386
L2226-H6	test_water_patch	121	115	291	289	446	449	161	174	250	268	143	153	253	271	385	403	126	126	198	198	386	386
L2226-P10	test_peptone_patch	121	115	291	289	446	449	161	174	250	268	143	153	253	271	385	403	126	126	198	214	386	386
L2226-P11	test_peptone_patch	121	121	291	289	446	449	161	174	250	268	143	153	253	271	385	403	126	126	198	214	386	386
L2226-P13	test_peptone_patch	121	115	291	289	446	449	161	174	250	268	143	153	253	271	403	403	126	126	198	214	386	386
L2226-P21	test_peptone_patch	121	115	289	289	446	449	161	174	250	268	143	153	253	271	385	403	126	126	198	214	386	386
L2226-P25	test_peptone_patch	121	115	291	289	446	449	161	174	250	268	143	153	253	253	385	403	126	126	198	214	386	386
L2226-P26	test_peptone_patch	121	115	291	289	446	449	164	174	250	268	143	153	253	271	385	403	126	126	198	214	386	386
L2226-P30	test_peptone_patch	121	115	291	289	446	449	161	176	250	268	143	153	271	271	385	403	126	126	198	214	386	386
L2226-SCP1	test_peptone_colony	121	115	291	289	446	449	161	174	250	268	143	153	253	271	385	403	126	126	198	214	386	386
L2226-SCP11	test_peptone_colony	121	121	291	289	446	449	161	174	250	268	143	153	253	271	385	403	126	126	198	214	386	386
L2226-SCP21	test_peptone_colony	121	115	289	289	446	449	161	174	250	268	143	153	253	271	385	403	126	126	198	214	386	386
L2226-SCP23	test_peptone_colony	115	115	291	289	446	449	161	174	250	268	143	153	253	271	385	403	126	126	198	214	386	386
L2226-SCP25	test_peptone_colony	121	115	291	289	446	449	161	174	250	268	143	153	253	253	385	403	126	126	198	214	386	386
L2226-SCP26	test_peptone_colony	121	115	291	289	446	449	164	174	250	268	143	153	253	271	385	403	126	126	198	214	386	386
L2226-SCP5	test_peptone_colony	121	115	291	289	446	449	161	174	250	268	143	153	253	271	403	403	126	126	198	214	386	386
